<?xml version="1.0"?>
<opencv_storage>
<instrinsic type_id="opencv-matrix">
  <rows>3</rows>
  <cols>3</cols>
  <dt>d</dt>
  <data>
    890.99172655967391 0. 482.59405672496223 0. 920.02711277134836
    208.28420889735736 0. 0. 1.</data></instrinsic>
<distortion type_id="opencv-matrix">
  <rows>1</rows>
  <cols>5</cols>
  <dt>d</dt>
  <data>
    0.028582190148491449 -0.70408509458841162 -0.058223639236068297
    -0.016450710903715169 0.090142709913935998</data></distortion>
</opencv_storage>
