<?xml version="1.0"?>
<opencv_storage>
<instrinsic type_id="opencv-matrix">
  <rows>3</rows>
  <cols>3</cols>
  <dt>d</dt>
  <data>
    7.0543471392485833e+02 0. 3.6869646264464643e+02 0.
    6.8331591451932422e+02 2.0920033766302672e+02 0. 0. 1.</data></instrinsic>
<distortion type_id="opencv-matrix">
  <rows>1</rows>
  <cols>5</cols>
  <dt>d</dt>
  <data>
    -1.1275169264687258e-01 2.6265576165564708e-01
    3.9171412045559524e-02 3.9205333537592348e-02
    -1.1543470180934325e+00</data></distortion>
</opencv_storage>
