<?xml version="1.0"?>
<opencv_storage>
<instrinsic type_id="opencv-matrix">
  <rows>3</rows>
  <cols>3</cols>
  <dt>d</dt>
  <data>
    1536.1261801179785 0. 1500.8928272354897 0. 1409.799950849577
    512.43899618036789 0. 0. 1.</data></instrinsic>
<distortion type_id="opencv-matrix">
  <rows>1</rows>
  <cols>5</cols>
  <dt>d</dt>
  <data>
    -0.18775214696177076 0.14808544620215602 0.00069285910608450282
    0.051422469601359447 -0.040455184540118774</data></distortion>
</opencv_storage>
